1,100d0
< 40 188 145 171 393 267 71 341 219 119 45 223 97 262 71 371 23 415 293 441 75 367 293 219 114 297 336 319 245 367 441 410 145 149 
< 28 10 6 35 30 15 22 2 21 26 24 8 16 18 17 25 4 19 23 1 32 20 
< 65 208 143 52 195 78 91 104 65 130 13 13 221 182 78 234 39 117 156 26 143 130 169 221 
< 392 430 389 202 30 433 33 
< 12 2 9 6 7 3 4 15 4 6 10 16 12 9 5 1 3 8 13 17 11 7 1 
< 182 107 159 130 133 104 237 185 
< 3 14 8 9 1 7 3 4 5 17 8 14 10 6 1 5 13 9 4 11 16 2 10 11 7 17 16 15 
< 257 400 157 107 150 172 57 100 350 357 307 250 200 422 22 272 407 207 157 207 357 257 322 
< 291 196 473 185 160 380 147 109 
< 7 7 11 10 5 3 4 8 3 2 9 6 6 
< 413 362 294 499 38 288 301 112 249 487 
< 87 457 343 314 366 315 172 86 138 229 115 260 58 286 419 429 32 
< 454 178 355 212 161 479 533 276 123 89 339 34 414 444 187 390 9 88 428 58 98 147 267 445 503 301 365 72 517 250 356 236 266 
< 18 57 212 432 56 300 80 352 106 293 144 117 381 124 264 256 176 321 440 194 408 388 
< 374 356 268 429 81 428 294 296 36 
< 83 242 189 52 212 268 53 235 136 30 318 159 370 211 105 265 264 215 109 129 288 162 317 
< 511 73 219 365 438 64 28 356 266 146 
< 368 397 348 136 310 281 49 165 232 406 363 339 247 174 194 
< 202 50 192 213 395 366 79 173 350 287 44 34 158 331 271 134 237 395 113 123 129 371 252 
< 130 260 288 289 237 151 132 173 286 81 80 26 234 185 156 121 52 104 208 
< 453 324 385 321 321 357 100 417 251 33 155 
< 19 30 13 35 11 6 24 17 32 12 
< 5 8 1 3 2 5 9 8 3 6 6 3 1 2 6 
< 109 465 155 197 77 135 196 243 169 289 269 154 63 464 88 303 20 479 288 35 377 437 222 21 330 331 511 422 345 423 490 62 356 403 211 
< 206 374 332 164 81 207 150 
< 19 3 18 27 28 16 33 6 11 22 8 15 1 4 34 30 14 
< 13 48 349 465 137 361 282 129 117 307 75 245 191 75 423 
< 29 544 395 189 97 273 178 242 517 
< 3 183 123 213 121 269 153 241 211 243 151 93 243 119 181 33 91 29 89 33 59 93 209 31 63 239 
< 7 22 19 21 10 8 2 15 14 20 17 23 34 3 
< 275 111 226 307 312 146 209 195 343 214 13 294 293 263 48 177 62 18 196 258 
< 149 185 40 17 427 
< 287 357 113 54 432 206 328 25 310 66 269 
< 12 8 9 1 10 3 5 5 5 9 
< 101 6 209 296 155 188 108 138 114 84 30 192 134 26 80 209 47 276 222 317 246 317 60 47 263 54 162 101 168 242 155 300 216 
< 7 12 10 17 1 13 8 1 6 3 2 5 12 14 5 9 16 6 4 3 17 15 2 1 14 9 11 15 13 16 10 8 
< 20 38 15 23 53 24 35 11 6 21 
< 175 357 434 487 280 97 227 390 44 260 119 304 435 564 174 410 509 565 249 540 460 47 200 130 520 305 307 177 150 45 70 330 437 20 379 
< 2 4 6 4 5 5 6 2 3 7 6 4 1 
< 2 1 3 4 3 5 4 4 1 4 4 2 1 2 3 3 1 1 2 2 3 1 4 2 5 3 2 5 
< 4 3 3 1 1 1 4 5 3 2 2 1 1 1 3 2 4 3 3 1 4 5 4 2 1 2 4 2 3 2 1 
< 2 2 4 4 1 4 
< 1 4 2 5 5 1 1 1 4 2 5 3 3 1 4 4 3 3 1 
< 367 310 64 188 186 62 430 29 91 277 243 434 153 373 182 37 339 285 125 161 91 339 
< 124 139 393 68 61 195 292 337 225 83 61 281 229 113 341 180 117 229 341 285 307 236 173 12 251 
< 158 325 335 263 253 341 227 303 217 159 14 47 83 86 361 15 231 299 11 37 125 145 269 
< 165 351 164 381 325 188 433 398 100 208 56 272 231 488 316 57 
< 146 123 222 263 82 269 64 17 23 197 287 74 228 41 58 140 205 238 99 187 164 246 279 105 123 164 181 287 33 
< 22 82 27 33 108 56 220 273 197 246 299 104 302 
< 22 35 27 18 2 23 6 34 13 24 30 31 15 28 33 32 14 8 1 9 29 11 5 20 4 3 26 25 19 21 10 7 12 17 16 
< 271 346 115 312 268 212 93 
< 416 208 141 117 365 
< 492 61 121 100 460 312 493 181 40 372 280 432 313 253 220 301 400 192 241 72 373 160 520 252 193 13 
< 1 2 2 3 4 2 3 3 1 1 3 3 1 2 2 2 4 2 2 1 1 3 3 1 4 2 4 2 3 1 1 
< 15 5 4 10 1 15 2 12 13 1 6 14 9 3 12 11 1 
< 120 11 228 443 431 69 188 400 291 329 
< 268 351 343 41 153 300 387 392 325 270 208 275 241 34 116 263 91 7 66 36 109 158 234 146 183 358 151 380 124 117 226 350 233 29 
< 349 464 439 409 167 162 167 434 101 56 192 26 503 485 373 237 137 31 509 257 
< 181 153 207 63 181 316 271 69 27 91 271 243 333 117 
< 3 1 1 3 2 1 3 2 1 1 1 4 4 2 2 
< 300 301 518 417 448 370 226 
< 240 51 433 315 283 536 476 15 106 256 150 201 165 133 372 90 351 501 176 283 
< 11 3 23 24 29 8 2 27 18 26 1 15 32 12 35 5 6 17 25 30 4 28 19 22 13 
< 440 235 329 128 79 191 362 95 51 443 129 209 287 269 17 313 285 365 284 425 113 363 173 157 35 391 50 207 407 
< 330 212 231 264 231 363 132 396 311 14 198 80 99 297 165 132 363 297 47 165 99 198 377 33 33 245 344 113 330 
< 67 472 225 90 135 
< 28 616 490 385 58 105 135 461 692 
< 238 152 136 170 51 271 186 
< 2 4 1 3 1 2 4 
< 150 171 203 322 257 258 128 214 365 85 386 279 332 21 107 43 31 117 160 236 
< 162 344 301 136 430 19 68 156 
< 82 219 27 251 234 383 191 333 164 152 87 251 55 301 437 109 465 398 410 273 169 87 5 316 333 328 
< 140 34 268 350 233 151 179 229 155 190 195 218 23 78 116 101 73 156 62 194 77 38 
< 3 26 29 13 25 7 6 22 35 20 11 5 21 31 28 19 16 24 15 14 
< 297 59 102 258 229 136 263 170 93 54 263 34 93 161 127 127 272 122 25 
< 145 33 169 25 217 241 129 9 33 105 81 9 
< 263 101 119 76 293 175 175 285 355 293 47 49 334 430 337 381 27 216 
< 170 34 204 153 204 238 136 51 272 17 
< 132 559 330 427 295 97 558 307 109 
< 3 3 4 2 1 1 1 2 1 4 2 3 2 3 2 3 1 1 2 1 3 2 4 1 4 3 1 1 3 3 2 4 4 4 2 
< 266 379 392 357 449 135 26 113 13 327 423 416 144 366 257 205 134 301 388 235 179 83 294 148 479 50 22 378 57 270 172 12 122 244 256 
< 3 2 1 1 2 2 1 3 1 4 4 5 3 4 1 1 1 3 5 4 2 3 2 2 4 1 4 3 3 3 
< 9 75 97 185 141 88 251 132 198 207 97 154 31 66 176 53 9 207 31 141 220 75 185 44 110 242 119 163 229 22 229 119 
< 520 376 246 315 157 445 500 90 220 315 575 390 350 287 417 547 55 337 207 
< 173 316 303 280 44 130 98 217 388 108 216 348 45 302 184 90 262 87 431 194 402 58 131 230 4 366 270 389 
< 279 399 260 517 356 185 476 118 42 161 475 41 237 498 379 215 109 334 357 160 304 238 347 66 398 22 141 228 518 96 119 423 280 466 453 
< 124 175 125 24 300 274 75 225 
< 411 139 523 273 135 460 92 157 571 491 353 368 277 46 214 433 247 77 215 76 415 553 506 628 322 184 598 490 385 109 352 
< 445 327 249 465 301 301 439 276 215 31 414 254 353 169 307 51 171 365 25 111 227 439 25 309 116 163 387 77 89 447 163 189 392 33 138 
< 164 292 62 283 94 353 251 196 149 298 72 79 276 334 130 368 251 28 
< 33 31 21 22 19 13 12 30 15 6 35 23 10 8 18 
< 267 6 329 445 296 294 362 303 445 89 125 356 240 392 356 151 267 178 273 27 
< 103 31 319 233 203 189 86 484 275 361 361 289 140 447 461 
< 2 6 16 5 8 3 5 4 8 12 14 6 11 3 1 17 4 7 9 1 13 13 10 2 12 9 11 1 7 15 15 16 
< 240 196 84 111 410 424 170 
< 340 288 413 64 184 251 248 159 156 92 12 229 137 401 380 276 368 321 251 343 343 125 67 104 338 196 217 33 62 154 309 67 159 
< 349 461 148 87 66 237 402 225 199 67 58 152 394 36 125 488 403 291 113 264 337 13 178 423 260 449 372 376 282 40 311 484 179 
< 432 463 492 433 52 168 111 23 199 169 228 256 352 80 480 128 304 392 264 
< 120 479 521 131 565 199 45 148 261 219 278 391 366 
< 8 220 93 450 101 461 174 312 193 71 82 100 439 185 358 36 266 128 255 277 42 284 192 9 369 377 134 163 347 318 410 285 376 404 
